-1.381525237260090034e+04
-1.381508344690890044e+04
-1.381368607312785025e+04
-1.381505614081124804e+04
-1.381668701420084835e+04
-1.381611760848929953e+04
-1.381419397344675053e+04
-1.381248308939459821e+04
-1.381445032069440094e+04
-1.381571001250634981e+04
-1.381476166919354910e+04
-1.381370926589744886e+04
-1.381271908335539956e+04
-1.380854487428520042e+04
-1.381170093583020025e+04
-1.381223640266340044e+04
-1.381587402479504999e+04
-1.381600066258815059e+04
-1.381395850031924965e+04
-1.380903206049900109e+04
-1.381669431841724872e+04
-1.381288453264199961e+04
-1.381320894589935051e+04
-1.381302870620204885e+04
-1.381278457343654918e+04
-1.381505954819054932e+04
-1.380983340018165109e+04
-1.381456499187180088e+04
-1.381371226853279950e+04
-1.381587476839440023e+04
-1.381483522277820157e+04
-1.381453098710489940e+04
-1.381499759412824824e+04
-1.381584263046974957e+04
-1.381468497492135066e+04
-1.380862207997805126e+04
-1.381001204914109985e+04
-1.381494863579804951e+04
-1.381371158768444911e+04
-1.381213021228364960e+04
-1.381340955770880100e+04
-1.381563919172774877e+04
-1.381535401039559838e+04
-1.381189693857870043e+04
-1.381381678032329910e+04
-1.380924987235754998e+04
-1.381488867721755014e+04
-1.381115916879659926e+04
-1.381274780762565024e+04
-1.381390366535789872e+04
-1.381356338237265118e+04
-1.381197830780040022e+04
-1.381341368358704858e+04
-1.381565246042669969e+04
-1.380923949647970039e+04
-1.381630566382365032e+04
-1.381124828462924961e+04
-1.381644889298115049e+04
-1.381473854545005088e+04
-1.381448138243940048e+04
-1.381712372351024896e+04
-1.381550156309699923e+04
-1.381669925064585004e+04
-1.381590169171095113e+04
-1.381276141518000077e+04
-1.381609602528284995e+04
-1.381060605951974867e+04
-1.381350007288874986e+04
-1.381507113830025082e+04
-1.381646606792985040e+04
-1.381192755792914977e+04
-1.381734499608644910e+04
-1.381796517049454997e+04
-1.381202324065394896e+04
-1.381255661787884856e+04
-1.381658475203370108e+04
-1.381381007537894948e+04
-1.381490509287914938e+04
-1.381645781617334978e+04
-1.381338390823755071e+04
-1.380243981380745026e+04
-1.381306604932215123e+04
-1.380971113613324815e+04
-1.381433059178639814e+04
-1.381201691221560031e+04
-1.381456641945705087e+04
-1.381781865318464952e+04
-1.381528608243809867e+04
-1.381439340867495048e+04
-1.381553621106164974e+04
-1.381734107101140035e+04
-1.381131063088530027e+04
-1.381310036156894967e+04
-1.381033603569164916e+04
-1.381526573542635015e+04
-1.381519738076204885e+04
-1.381345782891554882e+04
-1.381229107133459911e+04
-1.381705627873545018e+04
-1.381515468184410020e+04
-1.381273227047804903e+04
-1.381736781548759973e+04
-1.381409229172635060e+04
-1.381617334078995009e+04
-1.380776860990215027e+04
-1.381668319266495018e+04
-1.381395635737260091e+04
-1.381731265422104843e+04
-1.380906303439260046e+04
-1.380610949856254956e+04
-1.381218967513124880e+04
-1.380913820695305003e+04
-1.381219340567820109e+04
-1.381298527937249855e+04
-1.380910171724654901e+04
-1.381533722450309870e+04
-1.381276996814129961e+04
-1.381423390504559939e+04
-1.381038954033180016e+04
-1.381089672842684922e+04
-1.381755953234280059e+04
-1.380922560654584959e+04
-1.381003569999300089e+04
-1.381541470630035110e+04
-1.381127058947220030e+04
-1.381389363774809863e+04
-1.381810447771455074e+04
-1.381628999489894886e+04
-1.381507100966069993e+04
-1.381454042485530044e+04
-1.380913366691820011e+04
-1.381366231246169991e+04
-1.381482671374259917e+04
-1.381600921241190008e+04
-1.381043600117220012e+04
-1.381314799271549964e+04
-1.381719762222539975e+04
-1.381188098099939998e+04
-1.381167344775464881e+04
-1.381386381847289886e+04
-1.381472191643504993e+04
-1.381431390943305087e+04
-1.380976209622034912e+04
-1.381395091999844954e+04
-1.380717614006055010e+04
-1.381165006673204880e+04
-1.381252201070235060e+04
-1.381329066338909979e+04
-1.381108202271719892e+04
-1.381512705885389914e+04
-1.381457302399980108e+04
-1.381458625191059946e+04
-1.381344404879594913e+04
-1.381702819452540098e+04
-1.381281930925259985e+04
-1.381610435547809902e+04
-1.381401285837300020e+04
-1.380772311856470151e+04
-1.381569952053915040e+04
-1.381428351598620065e+04
-1.380951439292294890e+04
-1.381631355789944973e+04
-1.381024022746485025e+04
-1.381192779638295178e+04
-1.381669919730750007e+04
-1.381247544946034941e+04
-1.381358625511214996e+04
-1.381617516998159954e+04
-1.380841644181350057e+04
-1.381428371051429895e+04
-1.381665190815389906e+04
-1.380497127386129978e+04
-1.381109175225974832e+04
-1.381029974678835060e+04
-1.381465622241315032e+04
-1.380852581680649928e+04
-1.381691441754975131e+04
-1.381532247488054963e+04
-1.381357001515334923e+04
-1.381159150749885157e+04
-1.380899723369399908e+04
-1.380936404152694922e+04
-1.381272357632700005e+04
-1.381100079782280045e+04
-1.381336853110499942e+04
-1.381027557196559974e+04
-1.381178321807894827e+04
-1.380965097361199878e+04
-1.381723335264480011e+04
-1.381544678774910062e+04
-1.381661952550034948e+04
-1.381127186645505026e+04
-1.381225411099560006e+04
-1.381420243541909986e+04
-1.381588872421680026e+04
-1.381079860155059941e+04
-1.381207469333640074e+04
-1.381240665553904910e+04
-1.381687270382250063e+04
-1.381708279103294990e+04
-1.381447666983929957e+04
-1.380894727448534832e+04
-1.381300508358809930e+04
-1.381090389459104881e+04
-1.381756935287429951e+04
-1.380999859532670052e+04
-1.381552120102244953e+04
-1.381565571406604977e+04
-1.381169460739184979e+04
-1.381410069408524942e+04
-1.381264169568464968e+04
-1.381627962843374917e+04
-1.380852937478819877e+04
-1.381084205975564873e+04
-1.381261147794059798e+04
-1.380633004322714987e+04
-1.381194318920324986e+04
-1.381537501315530062e+04
-1.381127554993874946e+04
-1.381558383593310100e+04
-1.381217911100039964e+04
-1.380522993034574938e+04
-1.381785565744934866e+04
-1.381165155079319993e+04
-1.381448782382954960e+04
-1.381211112342945125e+04
-1.381252932433139904e+04
-1.380988358843145033e+04
-1.381389059118705154e+04
-1.381779652404449917e+04
-1.381408255904625003e+04
-1.381441839612315016e+04
-1.381112288303085006e+04
-1.381577795928914929e+04
-1.381632550255229944e+04
-1.381658740326344923e+04
-1.381558670051624904e+04
-1.381429234505189925e+04
-1.380924929504835018e+04
-1.381087861535070078e+04
-1.381476291793844939e+04
-1.381228714625955035e+04
-1.381197415368419934e+04
-1.381510311934740093e+04
-1.381521477847680035e+04
-1.381784457876030137e+04
-1.381294404882794879e+04
-1.380759331498364918e+04
-1.381579267126110062e+04
-1.381421982999630018e+04
-1.381568652794459922e+04
-1.381706939996955043e+04
-1.381450858186034930e+04
-1.381136217455669976e+04
-1.380882687414165048e+04
-1.381671333197024978e+04
-1.381594155114614841e+04
-1.380782454614354901e+04
-1.381237331907029875e+04
-1.381664416154295031e+04
-1.381332379591710014e+04
-1.381358392391249981e+04
-1.380768656296964946e+04
-1.381265743049790035e+04
-1.381667440752494986e+04
-1.381257818226000018e+04
-1.381584864829064827e+04
-1.381331699370870047e+04
-1.381592941824030095e+04
-1.381004425295429974e+04
-1.381596928081304941e+04
-1.381248596339039977e+04
-1.381307268524039864e+04
-1.381350616914840066e+04
-1.381317205144889886e+04
-1.380935805508155136e+04
-1.380978813788535081e+04
-1.380469008663030036e+04
-1.381435839989204942e+04
-1.381434191520434979e+04
-1.381784263975440081e+04
-1.381736398453904985e+04
-1.381774023639749976e+04
-1.381496581074674941e+04
-1.381606509531494885e+04
-1.381504667482290097e+04
-1.381577492527830145e+04
-1.381643025907170158e+04
-1.381668226081260036e+04
-1.381322187888044937e+04
-1.380764946144089845e+04
-1.381499715487125104e+04
-1.381770183278549848e+04
-1.381610332949924850e+04
-1.381599384782954803e+04
-1.381425091056660131e+04
-1.381603621102965008e+04
-1.381269654005864868e+04
-1.381331070292094955e+04
-1.381499164847099928e+04
-1.381493676958395008e+04
-1.381567064252895034e+04
-1.380710873921145139e+04
-1.381116156588479862e+04
-1.381715624735354868e+04
-1.381448532947729836e+04
-1.381656720685410073e+04
-1.381642702425765128e+04
-1.381219332410189963e+04
-1.381428260609669815e+04
-1.381154168006730106e+04
-1.381263654382754976e+04
-1.381463948985900061e+04
-1.381301788165454855e+04
-1.381460065954019956e+04
-1.381038367311329966e+04
-1.381614799566104921e+04
-1.380988458930990055e+04
-1.381432757032575137e+04
-1.381443174953595008e+04
-1.380929833181729919e+04
-1.381572988574804913e+04
-1.381384180855964951e+04
-1.381579046242590084e+04
-1.381290582405629902e+04
-1.381647971313479866e+04
-1.381227248762595082e+04
-1.381213918881420068e+04
-1.381516208959964933e+04
-1.381127404077719984e+04
-1.381023317111489996e+04
-1.381592270388329962e+04
-1.381076075642249998e+04
-1.381694725201049914e+04
-1.381516855922774994e+04
-1.381551437998874826e+04
-1.381466069028434868e+04
-1.381436407885755034e+04
-1.381522336595114939e+04
-1.380404748501480026e+04
-1.381711798179374819e+04
-1.381597172810204938e+04
-1.381418136049574969e+04
-1.381106564784374859e+04
-1.381290629468880070e+04
-1.381325679353684973e+04
-1.380457696854014830e+04
-1.381517625563790170e+04
-1.380798032863859953e+04
-1.381461635670285068e+04
-1.381721113251569841e+04
-1.381698137286675046e+04
-1.381486187312789843e+04
-1.381396372120244814e+04
-1.381416730427175025e+04
-1.381266739221914941e+04
-1.381138942417845101e+04
-1.381077613355504946e+04
-1.381779428697134972e+04
-1.380789804325229852e+04
-1.381681876306289996e+04
-1.381340305984275074e+04
-1.381269587489804871e+04
-1.381295657706509883e+04
-1.381339162661054979e+04
-1.381584347447069922e+04
-1.381534285954289953e+04
-1.381753059785670121e+04
-1.381083137012279985e+04
-1.381047575393069928e+04
-1.380641659568145042e+04
-1.381514311369725147e+04
-1.381272427600065021e+04
-1.381443508475159979e+04
-1.381450235696115124e+04
-1.381164471407175006e+04
-1.381176045829124996e+04
-1.381573984746929818e+04
-1.380512009099534953e+04
-1.381630524652949862e+04
-1.381377897912089975e+04
-1.381704444703440095e+04
-1.381658851709369992e+04
-1.381100044641719978e+04
-1.381384947986939915e+04
-1.381628443202279959e+04
-1.381152183192599841e+04
-1.381295764696965125e+04
-1.381705725137594891e+04
-1.381534963037580019e+04
-1.381344336481004939e+04
-1.380954469224330023e+04
-1.381385196794654985e+04
-1.380870103956134881e+04
-1.381627213282679986e+04
-1.381491041730150027e+04
-1.381419732748769820e+04
-1.381582734432614961e+04
-1.381373130718619905e+04
-1.381544392002839959e+04
-1.380983223928815096e+04
-1.381371366788009982e+04
-1.381489289408474906e+04
-1.381696862500110001e+04
-1.381699113064724952e+04
-1.381662988882800164e+04
-1.381637885345249924e+04
-1.381115944490099901e+04
-1.381556623114005015e+04
-1.380809575282800142e+04
-1.381338214807199984e+04
-1.381701590160449996e+04
-1.380931828036019942e+04
-1.381567848954150031e+04
-1.381614861375840155e+04
-1.380962228071724894e+04
-1.381655745848624974e+04
-1.381640864448975117e+04
-1.381519835340254940e+04
-1.380957346671434971e+04
-1.381229445675104944e+04
-1.381417251887985003e+04
-1.381493930472435022e+04
-1.381429423699455037e+04
-1.381726446772814961e+04
-1.380799269372315030e+04
-1.381445729233050042e+04
-1.380824875859130043e+04
-1.381486061810789943e+04
-1.381640102338080032e+04
-1.380938379554174935e+04
-1.381592022521880062e+04
-1.381352381159204924e+04
-1.380977521117934884e+04
-1.380826741760114965e+04
-1.381320659901194995e+04
-1.380827802565770071e+04
-1.381475865400799921e+04
-1.381125617242995031e+04
-1.381387571606250094e+04
-1.381563241775730057e+04
-1.381243107509070069e+04
-1.381140172651200010e+04
-1.380993587883974942e+04
-1.381758734358600123e+04
-1.380279857696219915e+04
-1.381671947843069938e+04
-1.381259826885510120e+04
-1.381539137547854989e+04
-1.381048924539569998e+04
-1.381634068829429998e+04
-1.381051158788925022e+04
-1.380847699652849951e+04
-1.381370332965285161e+04
-1.381148543948354927e+04
-1.381426608689594832e+04
-1.381348033769925132e+04
-1.381700734550564994e+04
-1.380890327975924993e+04
-1.381621150281059818e+04
-1.381473671939594897e+04
-1.381382247183900108e+04
-1.381390357123139984e+04
-1.381481098834200020e+04
-1.380746931587009931e+04
-1.380875068187745092e+04
-1.381208493743714826e+04
-1.381688631451440051e+04
-1.381093498143645047e+04
-1.381609338974085040e+04
-1.381586224329479955e+04
-1.381338880281555066e+04
-1.380862934654385026e+04
-1.381243753216859841e+04
-1.380874610105445026e+04
-1.381494574611450116e+04
-1.381736074972499955e+04
-1.381601668291844908e+04
-1.381810865065604958e+04
-1.380564055406445004e+04
-1.381144786418475087e+04
-1.381500070030274946e+04
-1.381668707381429886e+04
-1.381572760788675077e+04
-1.380980830605674964e+04
-1.381698839784119991e+04
-1.381554144135749993e+04
-1.381487726594820015e+04
-1.380781290897059989e+04
-1.381579530052799964e+04
-1.381676053327245063e+04
-1.381006341710970082e+04
-1.381292709664530048e+04
-1.381271177913900101e+04
-1.381605975520484935e+04
-1.381208827579034914e+04
-1.381384570225920106e+04
-1.381296374009175088e+04
-1.381070170145640077e+04
-1.381481900791979933e+04
-1.381141413865979848e+04
-1.381044700142250076e+04
-1.381494562061249962e+04
-1.381011242564070017e+04
-1.381550055280590095e+04
-1.381398022157790001e+04
-1.381295136559455023e+04
-1.381179835989524872e+04
-1.381730935351845073e+04
-1.381446954760080007e+04
-1.380656536575224891e+04
-1.381297461170249881e+04
-1.381179745314329921e+04
-1.381694648958584912e+04
-1.381279822805414915e+04
-1.381082778076559953e+04
-1.381755756196139919e+04
-1.381366799456475019e+04
-1.381730707565714874e+04
-1.381028565291374980e+04
-1.381480746801090027e+04
-1.381803587204625001e+04
-1.380563195403989994e+04
-1.381273423144680055e+04
-1.381333632729179953e+04
-1.381509167670255010e+04
-1.381491024787380047e+04
-1.381367425397700026e+04
-1.381002369572669886e+04
-1.381240546013250059e+04
-1.381462519204364980e+04
-1.381354625762475007e+04
-1.381702206061514880e+04
-1.380919350940935146e+04
-1.381538256837569861e+04
-1.381556985187275131e+04
-1.381576955693025047e+04
-1.380943066112609995e+04
-1.381566011918624827e+04
-1.381598078620890010e+04
-1.381806213020219911e+04
-1.381071332921670000e+04
-1.381397325935444860e+04
-1.381533327432764963e+04
-1.381096801356284959e+04
-1.381287076821015035e+04
-1.381603910071320024e+04
-1.381760309408700050e+04
-1.381235132798235099e+04
-1.381613340605355006e+04
-1.381149032778645051e+04
-1.381628182785629906e+04
-1.381199409281444969e+04
-1.380600636729405051e+04
-1.381285659903435044e+04
-1.380654057596969869e+04
-1.380994276889955108e+04
-1.381573079877509917e+04
-1.381490380648364953e+04
-1.381317245305529832e+04
-1.381771181646960031e+04
-1.381708579366829872e+04
-1.381709502747794977e+04
-1.381819360295984916e+04
-1.381758398326994939e+04
-1.381658591920229810e+04
-1.381269620120324907e+04
-1.380411279311805083e+04
-1.381641395322434983e+04
-1.381573695778574984e+04
-1.381257426659759949e+04
-1.381285110832185092e+04
-1.381144671584144999e+04
-1.381822127928840018e+04
-1.381428362266290060e+04
-1.381679845683929852e+04
-1.381264945798335066e+04
-1.381100451581954985e+04
-1.380745498981680066e+04
-1.381767573464459929e+04
-1.381488679782509826e+04
-1.380672091920614912e+04
-1.381311162537344899e+04
-1.381729034310299903e+04
-1.381319358131699846e+04
-1.381342514191964983e+04
-1.380860736486855058e+04
-1.381182142402529826e+04
-1.381560646080614970e+04
-1.381183272861795012e+04
-1.380429636175589985e+04
-1.381194496819409869e+04
-1.381410430540530069e+04
-1.381039557070289811e+04
-1.381369227920175035e+04
-1.381558425950234960e+04
-1.381581279236925002e+04
-1.381006943179305017e+04
-1.380989119385265076e+04
-1.381464438129944938e+04
-1.381526099772584894e+04
-1.381297072114050025e+04
-1.381012047659400014e+04
-1.380643213282904981e+04
-1.381372280128814964e+04
-1.381318372941000052e+04
-1.381213077704265015e+04
-1.380832961952990081e+04
-1.381116562587450062e+04
-1.381095237915120015e+04
-1.380966144989144959e+04
-1.381126970468309992e+04
-1.381055493000494971e+04
-1.380594769824659852e+04
-1.381314271535640000e+04
-1.380877382130869955e+04
-1.381389926651280075e+04
-1.381124258683844891e+04
-1.381769671230390122e+04
-1.381643663771085085e+04
-1.381484163593040103e+04
-1.381019467337639799e+04
-1.381038311462939964e+04
-1.380982730078444911e+04
-1.381268607319184957e+04
-1.381561673000730116e+04
-1.381411523662949912e+04
-1.381107509186925017e+04
-1.381757651276340039e+04
-1.381445306291310044e+04
-1.381415301586904934e+04
-1.381061202400229922e+04
-1.381092644730044958e+04
-1.381284574938644982e+04
-1.381333817844629993e+04
-1.381290300339885107e+04
-1.381132282026705070e+04
-1.381422029749125068e+04
-1.381203995438280072e+04
-1.381341462798959947e+04
-1.381491034513784871e+04
-1.381334545442475064e+04
-1.381499148531840001e+04
-1.381677044165534971e+04
-1.381789589025299938e+04
-1.381348675712654949e+04
-1.381709644878810104e+04
-1.381086315350430050e+04
-1.381269760996320110e+04
-1.381276168187175062e+04
-1.381508159261685068e+04
-1.381306456212345074e+04
-1.381352367981494899e+04
-1.381194265581975014e+04
-1.381661488192634897e+04
-1.381323673517970019e+04
-1.381422687379604940e+04
-1.381024952402550116e+04
-1.381448915415075135e+04
-1.381015193680785160e+04
-1.381628891558174837e+04
-1.381459485821024828e+04
-1.381210957034219973e+04
-1.380975559521674950e+04
-1.381530651416369983e+04
-1.381552724394375036e+04
-1.381032067424685010e+04
-1.381683447277575033e+04
-1.381384293807764880e+04
-1.380779102455934844e+04
-1.381568217616275069e+04
-1.381550830882949958e+04
-1.381181461554179987e+04
-1.381053182508674945e+04
-1.381227355439295025e+04
-1.381473515062095066e+04
-1.381386365218274841e+04
-1.381282754845889940e+04
-1.381741083443565003e+04
-1.381820130250754846e+04
-1.381358251201500025e+04
-1.381657781491064998e+04
-1.381703462022779968e+04
-1.381386921505889950e+04
-1.381746538387994951e+04
-1.381625863508669863e+04
-1.381068047279310122e+04
-1.381735654227045052e+04
-1.380865961448869894e+04
-1.381194362532269952e+04
-1.381363880593709837e+04
-1.381580728283145072e+04
-1.381037193867629867e+04
-1.381545174507810043e+04
-1.381713222313319966e+04
-1.381486959463845051e+04
-1.381524556725494949e+04
-1.381265215313880071e+04
-1.381772983228169869e+04
-1.381398835096994844e+04
-1.381762230844320038e+04
-1.381489326431564950e+04
-1.381371761178044835e+04
-1.381117351995030003e+04
-1.381257462427829887e+04
-1.381301651054519971e+04
-1.381449385106310001e+04
-1.380885972429015055e+04
-1.380948530469690013e+04
-1.381434431543010032e+04
-1.381170971469509823e+04
-1.381563364453934992e+04
-1.381135365924600046e+04
-1.381681055209454826e+04
-1.380858227701874966e+04
-1.381441721326680090e+04
-1.381542509472839993e+04
-1.381488085216784930e+04
-1.381216242864704873e+04
-1.381104911295525017e+04
-1.381314040925715017e+04
-1.381366211793359980e+04
-1.381563068582969936e+04
-1.381706179454835001e+04
-1.381272914234069867e+04
-1.381471168174695049e+04
-1.380921415448834887e+04
-1.381823743767089945e+04
-1.381045872017175134e+04
-1.381645479471269937e+04
-1.381504923506369960e+04
-1.381727466790319886e+04
-1.381627888797195010e+04
-1.381318386118709896e+04
-1.381241089436910079e+04
-1.381455832457804900e+04
-1.381116048029250123e+04
-1.381714974948749841e+04
-1.381677237124859857e+04
-1.380864997593509906e+04
-1.381474923508289976e+04
-1.381415444972939986e+04
-1.381093791190814954e+04
-1.380951910552304798e+04
-1.381583263109790096e+04
-1.380831806393324950e+04
-1.381281796638120068e+04
-1.381532503825890126e+04
-1.381549500561749846e+04
-1.381128256863809838e+04
-1.381546114517790011e+04
-1.381211859707354961e+04
-1.381144808067570011e+04
-1.381349374758795057e+04
-1.381219955213865069e+04
-1.381113267846194867e+04
-1.381718465786880006e+04
-1.381076464698450036e+04
-1.381293078640410022e+04
-1.381420170436995068e+04
-1.381434431856764968e+04
-1.381515766251659988e+04
-1.381627149590414956e+04
-1.380848899138214983e+04
-1.381601436113144882e+04
-1.381462681415699808e+04
-1.381648966858095082e+04
-1.381371070603289991e+04
-1.381430720448869943e+04
-1.380907705924109905e+04
-1.380928085880135040e+04
-1.381441654183109858e+04
-1.381464594379934897e+04
-1.380875695383990023e+04
-1.381496381840250069e+04
-1.380811275207390099e+04
-1.381280220960510087e+04
-1.381555346444909992e+04
-1.381752027845475095e+04
-1.381210185824429936e+04
-1.381468311121664919e+04
-1.380908392106295105e+04
-1.380954894048599999e+04
-1.381695944139225139e+04
-1.381367158392195051e+04
-1.381689144127109830e+04
-1.381786134582749946e+04
-1.381395054662999974e+04
-1.381335795756150037e+04
-1.381572852405135018e+04
-1.380953714957309967e+04
-1.381407526110495019e+04
-1.380873037565384948e+04
-1.381135498015455050e+04
-1.381561134283395040e+04
-1.381607155866794892e+04
-1.381201929047849990e+04
-1.381599989075084886e+04
-1.381142047337324948e+04
-1.381657680461954988e+04
-1.380934008633270059e+04
-1.381177897297379968e+04
-1.381273167434354946e+04
-1.381528590046019963e+04
-1.381126357704794827e+04
-1.381467554658359950e+04
-1.381111146234885018e+04
-1.381524071032754910e+04
-1.380897793462394839e+04
-1.381715731725810110e+04
-1.381531011293355004e+04
-1.381438608563325033e+04
-1.381117430120024983e+04
-1.381097945934524978e+04
-1.381362920503409987e+04
-1.381760852518605134e+04
-1.381500566704440098e+04
-1.381181560073250148e+04
-1.381694548556984955e+04
-1.381636069645064890e+04
-1.381339509674084911e+04
-1.381623398649390037e+04
-1.380813888472785038e+04
-1.381525142819835128e+04
-1.381211842764584799e+04
-1.381303954643729958e+04
-1.381634643628590129e+04
-1.381430721076379996e+04
-1.381036143729644937e+04
-1.381021293705495009e+04
-1.380993797158560119e+04
-1.381627741646100003e+04
-1.381355891136389801e+04
-1.380949873968599968e+04
-1.381598122546589912e+04
-1.381590224391974880e+04
-1.381532046371099932e+04
-1.381181414177175066e+04
-1.381465544430074988e+04
-1.381035157597679972e+04
-1.381429800519210039e+04
-1.381514748430439977e+04
-1.381375696607009922e+04
-1.381776893870489948e+04
-1.381603382962920114e+04
-1.381724197463220116e+04
-1.381320016389689954e+04
-1.381152433255335018e+04
-1.380568582577339839e+04
-1.381363457651969838e+04
-1.381306005973920037e+04
-1.381130599044884912e+04
-1.380759033431115131e+04
-1.381216905201510053e+04
-1.381185503973599953e+04
-1.381471362702794795e+04
-1.381336894839915112e+04
-1.381248387378209918e+04
-1.381132099735049997e+04
-1.381281415112039940e+04
-1.381550743659060026e+04
-1.381305600288704954e+04
-1.381505196473219803e+04
-1.380781477581285071e+04
-1.381374076062434870e+04
-1.381309908144855035e+04
-1.381580435549729918e+04
-1.381521890749260092e+04
-1.381715257328250118e+04
-1.381405156946490024e+04
-1.381451201434004906e+04
-1.381711204241159976e+04
-1.380937309963379994e+04
-1.381118390524079950e+04
-1.381282066467420009e+04
-1.381750794788324856e+04
-1.381307208596834789e+04
-1.381383198802815059e+04
-1.381671182594625134e+04
-1.381037839889175120e+04
-1.381221447746400008e+04
-1.381584858240210087e+04
-1.381683854217810040e+04
-1.380946546283069983e+04
-1.381448099652074961e+04
-1.381683562111904939e+04
-1.381095151946250007e+04
-1.381156776565800101e+04
-1.381783462331414921e+04
-1.381572531120015083e+04
-1.381244874890985011e+04
-1.381559234810625094e+04
-1.381424937630465138e+04
-1.381324820292494951e+04
-1.381358515383210033e+04
-1.381802828231280000e+04
-1.381573447912125084e+04
-1.381475329507259994e+04
-1.381723404604334974e+04
-1.381429226975070014e+04
-1.381662214849214979e+04
-1.381706484110940073e+04
-1.381460294367659844e+04
-1.381589933541089886e+04
-1.381569559860165100e+04
-1.381381051463594849e+04
-1.381230770034960005e+04
-1.381233555238094959e+04
-1.381294078263840129e+04
-1.381213364162580001e+04
-1.381778890921065067e+04
-1.381631779986704896e+04
-1.381482225528405070e+04
-1.381660464096315081e+04
-1.381717208570594812e+04
-1.381356773729205088e+04
-1.381439381969399983e+04
-1.381298878087829871e+04
-1.381498662525344844e+04
-1.381819373787450058e+04
-1.380961529653094840e+04
-1.381269531641415051e+04
-1.381414022094014945e+04
-1.381265877650685070e+04
-1.381720824596969942e+04
-1.381342801905299893e+04
-1.381671894190964849e+04
-1.381279078892309917e+04
-1.381603868341904854e+04
-1.381214143530000001e+04
-1.380996987105644985e+04
-1.381100361534269905e+04
-1.380922319376989981e+04
-1.381594968681329919e+04
-1.381375836541739955e+04
-1.381633054773269942e+04
-1.381667688305189949e+04
-1.381502934613424986e+04
-1.381168242428519989e+04
-1.381688284124654820e+04
-1.381437667298324959e+04
-1.381750769687925094e+04
-1.380748317129089992e+04
-1.381491882907305080e+04
-1.381474518764339882e+04
-1.381051702840095095e+04
-1.381550655807660041e+04
-1.381281573872070112e+04
-1.381365832463564948e+04
-1.381267496312729963e+04
-1.381322154002504976e+04
-1.381491326619689971e+04
-1.381497725339159842e+04
-1.381464932921580112e+04
-1.381389929788829977e+04
-1.381328498128604951e+04
-1.381747277281020069e+04
-1.381137186331109842e+04
-1.381534765685684943e+04
-1.381781250358664875e+04
-1.381326762122189939e+04
-1.381565691888524998e+04
-1.381103515713285014e+04
-1.381800479775104941e+04
-1.381363454200665001e+04
-1.381250053103504979e+04
-1.381479011422185067e+04
-1.381027397181509878e+04
-1.380679838217809993e+04
-1.381631539022865036e+04
-1.381435481680994963e+04
-1.381296605874119996e+04
-1.381169487722114900e+04
-1.380794687608049935e+04
-1.380864605086005031e+04
-1.381226298712454991e+04
-1.381407253457399929e+04
-1.381409387305154996e+04
-1.381665287451929908e+04
-1.381657188180359844e+04
-1.381347571922564930e+04
-1.381537869663899983e+04
-1.381274153252565156e+04
-1.381304718323400084e+04
-1.381481553465194884e+04
-1.381605256707779881e+04
-1.381356438011355021e+04
-1.381668259966799997e+04
-1.380763226452934941e+04
-1.381735952294295021e+04
-1.381115203714544987e+04
-1.381620258903104877e+04
-1.381769083567275084e+04
-1.381667394944264925e+04
-1.381682158058280038e+04
-1.380910564859669830e+04
-1.381422772093454842e+04
-1.381360855995510065e+04
-1.381334164857659925e+04
-1.381468981302344946e+04